NGC_1	00 07 15.85	+27 42 29.02	2000
NGC_2	00 07 17.12	+27 40 42.03	2000
NGC_3	00 07 16.80	+08 18 05.84	2000	
NGC_4	00 07 24.40	+08 22 30.00	2000
NGC_5	00 07 48.90	+35 21 44.46	2000
NGC_7	00 08 20.30	-29 55 01.00	2000
NGC_35	00 11 10.49	-12 01 14.70	2000
NGC_42	00 12 56.36	+22 06 01.00	2000
NGC_48	00 14 02.22	+48 14 05.57	2000
NGC_58	00 14 30.63	-07 10 02.83	2000	
NGC_11  00 08 42.494  	+37 26 52.39  	2000
NGC_12  00 08 44.752 	+04 36 45.12  	2000
NGC_13  00 08 47.714  	+33 25 59.97  	2000
NGC_14  00 08 46.427  	+15 48 56.51  	2000
NGC_15  00 09 02.478  	+21 37 28.46  	2000
NGC_16  00 09 04.300  	+27 43 46.03  	2000
NGC_34  00 11 06.612  	-12 06 28.33  	2000
NGC_19  00 10 40.875  	+32 58 58.65  	2000
NGC_20  00 09 32.682  	+33 18 31.47  	2000
NGC_21  00 09 48.202  	+27 49 56.13  	2000
